<<<<<<< HEAD
<<<<<<< HEAD
<<<<<<< HEAD
<<<<<<< HEAD
<<<<<<< HEAD
<<<<<<< HEAD
!coverage.py: This is a private format, don't read it directly!{"lines":{"/Users/leeyunteng/Documents/GitHub/Project_Kavala/test_display_maze.py":[1,2,3,4,6,7,11,14,12,15,16,17],"/Users/leeyunteng/Documents/GitHub/Project_Kavala/SRC/Main.py":[1,2,5,19,42,61,74,149,154,62,65,66,67,69,63,6,14,15,155,156,157,158,160,161,163,166,168,171,173,174,175,75,76,77,80,78,79,81,82,85,88,89,90,91,92,93,94,96,99,109,110,113,114,115,118,20,21,22,24,25,26,27,28,30,31,43,44,45,48,46,47,49,50,51,52,56,57,32,34,39,53,54],"/Users/leeyunteng/Documents/GitHub/Project_Kavala/test_menu.py":[1,2,3,4,6,7,11,26,12,13,27,28],"/Users/leeyunteng/Documents/GitHub/Project_Kavala/test_play_maze.py":[1,2,3,4,5,8,10,12,13],"/Users/leeyunteng/Documents/GitHub/Project_Kavala/testfunctions.py":[1,3,4,7,12,22,27,30,15,16,18,19,31,8,9],"/Users/leeyunteng/Documents/GitHub/Project_Kavala/test_read_maze.py":[1,2,3,4,6,7,11,15,19,23,28,12,13,16,17,20,21,24,25,26,29,30]}}
=======
!coverage.py: This is a private format, don't read it directly!{"lines":{"C:\\Study stuff\\ETI\\Project_Kavala\\test_configure_maze.py":[1,2,3,4,6,7,8,9,10,12,13,15,16,18,19,21,22,25,29,33,40,45,50,55,60,66,71,76,82,87,92,97,102,107,112,119,123,128,26,30,34,37,41,42,46,47,51,52,56,57,61,63,67,68,72,73,77,79,83,84,88,89,98,99,103,104,113,114,120,124,129],"C:\\Study stuff\\ETI\\Project_Kavala\\SRC\\Main.py":[1,2,5,18,41,60,72,77,107,129,140,150,160,168,180,216,228,242,254,268,280,293,301,319,109,117,125,126,110,113,131,132,134,137,142,143,146,151,152,155,161,162,165,169,170,171,181,183,172,173,174,175,176,177,229,231,232,234,302,303,304,235,238,305,306,307,239,217,218,219,220,221,222,223,224,225,308,309,310,243,244,245,255,256,258,246,247,248,249,250,251,257,269,270,271,281,282,284,285,286,288,289,290,272,273,274,275,276,277,283,294,295,296,298,311,312,313,61,64,65,66,68,62,6,13,14,320,321,322,323,325,326,328,331,333,335,337,338,339,19,20,21,23,24,25,26,27,29,30,42,43,44,47,45,46,48,49,50,51,55,56,31,38,33,52,53],"C:\\Study stuff\\ETI\\Project_Kavala\\test_display_maze.py":[1,2,3,4,6,7,11,14,12,15,16,17],"C:\\Study stuff\\ETI\\Project_Kavala\\test_menu.py":[1,2,3,4,6,7,11,26,12,13,27,28],"C:\\Study stuff\\ETI\\Project_Kavala\\test_read_maze.py":[1,2,3,4,6,7,11,15,19,23,28,12,13,16,17,20,21,24,25,26,29,30]}}
>>>>>>> Adding commits from function Configure maze
=======
!coverage.py: This is a private format, don't read it directly!{"lines":{"C:\\Study stuff\\ETI\\Project_Kavala\\test_configure_maze.py":[1,2,3,4,6,7,8,9,10,12,13,15,16,18,19,21,22,25,29,33,40,45,50,55,60,66,71,76,82,87,92,97,102,107,112,119,123,128,26,30,34,37,41,42,46,47,51,52,56,57,61,63,67,68,72,73,77,79,83,84,88,89,98,99,103,104,113,114,120,124,129],"C:\\Study stuff\\ETI\\Project_Kavala\\SRC\\Main.py":[1,2,5,18,41,60,72,77,107,129,140,150,160,168,180,216,228,242,254,268,280,293,301,319,109,117,125,126,110,113,131,132,134,137,142,143,146,151,152,155,161,162,165,169,170,171,181,183,172,173,174,175,176,177,229,231,232,234,302,303,304,235,238,305,306,307,239,217,218,219,220,221,222,223,224,225,308,309,310,243,244,245,255,256,258,246,247,248,249,250,251,257,269,270,271,281,282,284,285,286,288,289,290,272,273,274,275,276,277,283,294,295,296,298,311,312,313,61,64,65,66,68,62,6,13,14,320,321,322,323,325,326,328,331,333,335,337,338,339,19,20,21,23,24,25,26,27,29,30,42,43,44,47,45,46,48,49,50,51,55,56,31,38,33,52,53],"C:\\Study stuff\\ETI\\Project_Kavala\\test_display_maze.py":[1,2,3,4,6,7,11,14,12,15,16,17],"C:\\Study stuff\\ETI\\Project_Kavala\\test_menu.py":[1,2,3,4,6,7,11,26,12,13,27,28],"C:\\Study stuff\\ETI\\Project_Kavala\\test_read_maze.py":[1,2,3,4,6,7,11,15,19,23,28,12,13,16,17,20,21,24,25,26,29,30]}}
>>>>>>> Unit test for Display
=======
!coverage.py: This is a private format, don't read it directly!{"lines":{"/Users/ning/Dropbox/sem 3.2/ETI/Assignment/Project_Kavala/test_configure_maze.py":[1,2,3,4,6,7,8,9,10,12,13,15,16,18,19,21,22,25,29,33,40,45,50,55,60,66,71,76,82,87,92,97,102,107,112,119,123,128,26,30,34,37,41,42,46,47,51,52,56,57,61,63,67,68,72,73,77,79,83,84,88,89,98,99,103,104,113,114,120,124,129],"/Users/ning/Dropbox/sem 3.2/ETI/Assignment/Project_Kavala/SRC/Main.py":[1,2,5,21,46,68,84,159,189,211,222,232,242,250,262,298,310,324,336,350,362,375,383,402,191,199,207,208,192,195,213,214,216,219,224,225,228,233,234,237,243,244,247,251,252,253,263,265,254,255,256,257,258,259,311,313,314,316,384,385,386,317,320,387,388,389,321,299,300,301,302,303,304,305,306,307,390,391,392,325,326,327,337,338,340,328,329,330,331,332,333,339,351,352,353,363,364,366,367,368,370,371,372,354,355,356,357,358,359,365,376,377,378,380,393,394,395,69,72,73,74,76,70,6,13,14,403,404,405,406,408,409,411,414,416,419,421,422,423,22,23,24,27,28,29,30,31,33,34,47,48,49,52,50,51,53,54,55,56,60,61,35,42,37,57,58],"/Users/ning/Dropbox/sem 3.2/ETI/Assignment/Project_Kavala/test_display_maze.py":[1,2,3,4,6,7,11,14,12,15,16,17],"/Users/ning/Dropbox/sem 3.2/ETI/Assignment/Project_Kavala/test_menu.py":[1,2,3,4,6,7,11,26,12,13,27,28],"/Users/ning/Dropbox/sem 3.2/ETI/Assignment/Project_Kavala/test_read_maze.py":[1,2,3,4,6,7,11,15,19,23,28,12,13,16,17,20,21,24,25,26,29,30]}}
>>>>>>> Clean up code
=======
!coverage.py: This is a private format, don't read it directly!{"lines":{"C:\\Study stuff\\ETI\\Project_Kavala\\test_configure_maze.py":[1,2,3,4,6,7,8,9,10,12,13,15,16,18,19,21,22,25,29,33,40,45,50,55,60,66,71,76,82,87,92,97,102,107,112,119,123,128,26,30,34,37,41,42,46,47,51,52,56,57,61,63,67,68,72,73,77,79,83,84,88,89,98,99,103,104,113,114,120,124,129],"C:\\Study stuff\\ETI\\Project_Kavala\\SRC\\Main.py":[1,2,5,18,41,60,72,77,124,150,161,172,182,191,203,239,251,265,277,291,303,316,324,342,126,133,134,135,138,146,147,127,130,152,153,155,158,163,164,168,173,174,178,183,184,188,192,193,194,204,206,195,196,197,198,199,200,252,254,255,257,325,326,327,258,261,328,329,330,262,240,241,242,243,244,245,246,247,248,331,332,333,266,267,268,278,279,281,269,270,271,272,273,274,280,292,293,294,304,305,307,308,309,311,312,313,295,296,297,298,299,300,306,317,318,319,321,334,335,336,61,64,65,66,68,62,6,13,14,343,344,345,346,348,349,351,354,356,358,360,361,362,19,20,21,23,24,25,26,27,29,30,42,43,44,47,45,46,48,49,50,51,55,56,31,38,33,52,53],"C:\\Study stuff\\ETI\\Project_Kavala\\test_display_maze.py":[1,2,3,4,6,7,11,14,12,15,16,17],"C:\\Study stuff\\ETI\\Project_Kavala\\test_menu.py":[1,2,3,4,6,7,11,26,12,13,27,28],"C:\\Study stuff\\ETI\\Project_Kavala\\test_read_maze.py":[1,2,3,4,6,7,11,15,19,23,28,12,13,16,17,20,21,24,25,26,29,30]}}
>>>>>>> Fixed relevant bugs for function Configure menu
=======
!coverage.py: This is a private format, don't read it directly!{"lines":{"C:\\Study stuff\\ETI\\Project_Kavala\\test_configure_maze.py":[1,2,3,4,6,7,8,9,10,12,13,15,16,18,19,21,22,25,29,33,40,45,50,55,60,66,71,76,82,87,92,97,102,107,112,119,123,128,26,30,34,37,41,42,46,47,51,52,56,57,61,63,67,68,72,73,77,79,83,84,88,89,98,99,103,104,113,114,120,124,129],"C:\\Study stuff\\ETI\\Project_Kavala\\SRC\\Main.py":[1,2,5,18,41,60,72,77,124,150,161,172,182,191,203,239,251,265,277,291,303,316,324,342,126,133,134,135,138,146,147,127,130,152,153,155,158,163,164,168,173,174,178,183,184,188,192,193,194,204,206,195,196,197,198,199,200,252,254,255,257,325,326,327,258,261,328,329,330,262,240,241,242,243,244,245,246,247,248,331,332,333,266,267,268,278,279,281,269,270,271,272,273,274,280,292,293,294,304,305,307,308,309,311,312,313,295,296,297,298,299,300,306,317,318,319,321,334,335,336,61,64,65,66,68,62,6,13,14,343,344,345,346,348,349,351,354,356,358,360,361,362,19,20,21,23,24,25,26,27,29,30,42,43,44,47,45,46,48,49,50,51,55,56,31,38,33,52,53],"C:\\Study stuff\\ETI\\Project_Kavala\\test_display_maze.py":[1,2,3,4,6,7,11,14,12,15,16,17],"C:\\Study stuff\\ETI\\Project_Kavala\\test_menu.py":[1,2,3,4,6,7,11,26,12,13,27,28],"C:\\Study stuff\\ETI\\Project_Kavala\\test_read_maze.py":[1,2,3,4,6,7,11,15,19,23,28,12,13,16,17,20,21,24,25,26,29,30]}}
>>>>>>> Revert "Merging configure maze with play maze"
=======
!coverage.py: This is a private format, don't read it directly!{"lines":{"C:\\Study stuff\\ETI\\Project_Kavala\\test_configure_maze.py":[1,2,3,4,6,7,8,9,10,12,13,15,16,18,19,21,22,25,29,33,40,45,50,55,60,66,71,76,82,87,92,97,102,107,112,119,123,128,26,30,34,37,41,42,46,47,51,52,56,57,61,63,67,68,72,73,77,79,83,84,88,89,98,99,103,104,113,114,120,124,129],"C:\\Study stuff\\ETI\\Project_Kavala\\SRC\\Main.py":[1,2,5,18,41,60,72,77,107,129,140,150,160,168,180,216,228,242,254,268,280,293,301,319,109,117,125,126,110,113,131,132,134,137,142,143,146,151,152,155,161,162,165,169,170,171,181,183,172,173,174,175,176,177,229,231,232,234,302,303,304,235,238,305,306,307,239,217,218,219,220,221,222,223,224,225,308,309,310,243,244,245,255,256,258,246,247,248,249,250,251,257,269,270,271,281,282,284,285,286,288,289,290,272,273,274,275,276,277,283,294,295,296,298,311,312,313,61,64,65,66,68,62,6,13,14,320,321,322,323,325,326,328,331,333,335,337,338,339,19,20,21,23,24,25,26,27,29,30,42,43,44,47,45,46,48,49,50,51,55,56,31,38,33,52,53],"C:\\Study stuff\\ETI\\Project_Kavala\\test_display_maze.py":[1,2,3,4,6,7,11,14,12,15,16,17],"C:\\Study stuff\\ETI\\Project_Kavala\\test_menu.py":[1,2,3,4,6,7,11,26,12,13,27,28],"C:\\Study stuff\\ETI\\Project_Kavala\\test_read_maze.py":[1,2,3,4,6,7,11,15,19,23,28,12,13,16,17,20,21,24,25,26,29,30]}}
>>>>>>> Revert "Fixed relevant bugs for function Configure menu"
